1 588 128 327 332
2 588 128 327 332
3 588 128 327 332
4 588 128 327 332
5 580 128 327 332
6 580 128 327 332
7 580 136 327 332
8 580 136 327 332
9 572 136 327 332
10 572 136 327 332
11 572 136 327 332
12 564 144 327 332
13 564 144 327 332
14 564 144 327 332
15 556 144 327 332
16 556 152 327 332
17 556 152 327 332
18 556 152 327 332
19 556 152 327 332
20 548 152 327 332
21 548 152 327 332
22 548 152 327 332
23 548 152 327 332
24 548 160 327 332
25 540 160 327 332
26 540 160 327 332
27 540 168 327 332
28 540 168 327 332
29 540 168 327 332
30 540 168 327 332
31 540 168 327 332
32 540 176 327 332
33 540 176 327 332
34 540 176 327 332
35 540 176 327 332
36 540 176 327 332
37 540 176 327 332
38 540 176 327 332
39 540 176 327 332
40 540 176 327 332
41 540 176 327 332
42 540 176 327 332
43 540 176 327 332
44 540 176 327 332
45 540 176 327 332
46 540 176 327 332
47 540 176 327 332
48 540 176 327 332
49 540 184 327 332
50 540 184 327 332
51 540 184 327 332
52 540 184 327 332
53 540 184 327 332
54 540 184 327 332
55 540 184 327 332
56 540 192 327 332
57 532 192 327 332
58 532 192 327 332
59 532 200 327 332
60 532 200 327 332
61 532 200 327 332
62 532 200 327 332
63 532 208 327 332
64 532 208 327 332
65 524 208 327 332
66 524 208 327 332
67 524 208 327 332
68 524 200 327 332
69 524 200 327 332
70 524 192 327 332
71 524 184 327 332
72 524 184 327 332
73 516 184 327 332
74 516 176 327 332
75 516 176 327 332
76 508 168 327 332
77 508 168 327 332
78 500 160 327 332
79 500 160 327 332
80 492 160 327 332
81 492 160 327 332
82 484 160 327 332
83 484 160 327 332
84 484 160 327 332
85 484 160 327 332
86 476 152 327 332
87 476 152 327 332
88 476 152 327 332
89 476 144 327 332
90 468 144 327 332
91 468 144 327 332
92 468 144 327 332
93 468 144 327 332
94 460 152 327 332
95 460 152 327 332
96 460 152 327 332
97 460 152 327 332
98 460 152 327 332
99 468 144 327 332
100 468 144 327 332
101 468 144 327 332
102 460 144 327 332
103 468 136 327 332
104 468 136 327 332
105 468 128 327 332
106 476 120 327 332
107 468 112 327 332
108 468 112 327 332
109 468 112 327 332
110 468 112 327 332
111 476 112 327 332
112 484 112 327 332
113 492 112 327 332
114 500 120 327 332
115 500 128 327 332
116 500 136 327 332
117 508 144 327 332
118 508 144 327 332
119 508 152 327 332
120 508 160 327 332
121 508 160 327 332
122 508 168 327 332
123 508 168 327 332
124 508 176 327 332
125 516 176 327 332
126 516 184 327 332
127 516 184 327 332
128 516 192 327 332
129 524 200 327 332
130 532 200 327 332
131 532 208 327 332
132 540 224 327 332
133 540 232 327 332
134 548 248 327 332
135 548 256 327 332
136 556 264 327 332
137 556 264 327 332
138 548 272 327 332
139 540 272 327 332
140 540 272 327 332
141 540 272 327 332
142 540 272 327 332
143 540 272 327 332
144 540 272 327 332
145 540 272 327 332
146 540 272 327 332
147 540 272 327 332
148 556 264 327 332
149 564 264 327 332
150 572 264 327 332
151 564 264 327 332
152 556 264 327 332
153 564 272 327 332
154 572 272 327 332
155 588 272 327 332
156 596 272 327 332
157 596 272 327 332
158 588 272 327 332
159 588 264 327 332
160 580 264 327 332
161 572 256 327 332
162 564 256 327 332
163 556 256 327 332
164 540 248 327 332
165 524 248 327 332
166 516 248 327 332
167 508 248 327 332
168 500 248 327 332
169 484 248 327 332
170 476 248 327 332
171 468 256 327 332
172 460 256 327 332
173 452 256 327 332
174 444 264 327 332
175 436 264 327 332
176 428 264 327 332
177 428 264 327 332
178 428 264 327 332
179 428 264 327 332
180 428 264 327 332
181 428 272 327 332
182 428 288 327 332
183 436 296 327 332
184 444 312 327 332
185 444 328 327 332
186 452 344 327 332
187 452 352 327 332
188 444 360 327 332
189 436 368 327 332
190 420 376 327 332
191 412 376 327 332
192 404 376 327 332
193 396 376 327 332
194 380 376 327 332
195 372 376 327 332
196 364 376 327 332
197 356 376 327 332
198 340 368 327 332
199 332 360 327 332
200 332 360 327 332
201 324 352 327 332
202 332 352 327 332
203 340 352 327 332
204 348 344 327 332
205 348 344 327 332
206 348 336 327 332
207 348 336 327 332
208 348 336 327 332
209 340 336 327 332
210 340 336 327 332
211 340 336 327 332
212 340 336 327 332
213 340 336 327 332
214 340 328 327 332
215 348 328 327 332
216 364 320 327 332
217 372 312 327 332
218 380 304 327 332
219 388 296 327 332
220 396 288 327 332
221 404 280 327 332
222 404 272 327 332
223 412 272 327 332
224 420 264 327 332
225 428 256 327 332
226 436 256 327 332
227 444 248 327 332
228 444 248 327 332
229 452 240 327 332
230 460 232 327 332
231 468 232 327 332
232 468 224 327 332
233 476 216 327 332
234 476 216 327 332
235 484 208 327 332
236 484 200 327 332
237 492 192 327 332
238 492 184 327 332
239 492 176 327 332
240 484 168 327 332
241 476 152 327 332
242 468 144 327 332
243 460 136 327 332
244 452 128 327 332
245 436 120 327 332
246 428 120 327 332
247 412 120 327 332
248 396 112 327 332
249 380 112 327 332
250 356 104 327 332
251 356 104 327 332
252 356 104 327 332
253 364 96 327 332
254 372 96 327 332
255 380 96 327 332
256 388 96 327 332
257 404 96 327 332
258 412 96 327 332
259 420 96 327 332
260 428 96 327 332
261 436 96 327 332
262 444 96 327 332
263 444 96 327 332
264 444 96 327 332
265 452 96 327 332
266 460 96 327 332
267 468 96 327 332
268 468 96 327 332
269 476 96 327 332
270 476 96 327 332
271 476 96 327 332
272 476 96 327 332
273 476 96 327 332
274 476 96 327 332
275 484 96 327 332
276 492 96 327 332
277 492 96 327 332
278 500 96 327 332
279 500 88 327 332
280 492 80 327 332
281 492 72 327 332
282 492 72 327 332
283 492 72 327 332
284 500 72 327 332
285 508 72 327 332
286 508 72 327 332
287 516 72 327 332
288 524 72 327 332
289 524 72 327 332
290 532 72 327 332
291 532 72 327 332
292 540 64 327 332
293 548 56 327 332
294 548 48 327 332
295 556 48 327 332
296 556 40 327 332
297 556 40 327 332
298 556 40 327 332
299 556 40 327 332
300 556 40 327 332
301 556 32 327 332
302 548 32 327 332
303 548 32 327 332
304 548 32 327 332
305 548 32 327 332
306 548 32 327 332
307 548 32 327 332
308 548 24 327 332
309 556 24 327 332
310 556 24 327 332
311 556 32 327 332
312 556 32 327 332
313 556 40 327 332
314 556 48 327 332
315 556 48 327 332
316 556 56 327 332
317 564 64 327 332
318 564 72 327 332
319 564 80 327 332
320 572 88 327 332
321 572 96 327 332
322 572 104 327 332
323 572 112 327 332
324 580 112 327 332
325 588 112 327 332
326 588 112 327 332
327 588 112 327 332
328 588 112 327 332
329 596 120 327 332
330 596 120 327 332
331 596 128 327 332
332 596 136 327 332
333 596 144 327 332
334 588 144 327 332
335 588 152 327 332
336 588 152 327 332
337 588 160 327 332
338 588 160 327 332
339 580 168 327 332
340 580 168 327 332
341 572 168 327 332
342 564 176 327 332
343 564 176 327 332
344 556 176 327 332
345 548 176 327 332
346 548 176 327 332
347 540 176 327 332
348 548 168 327 332
349 548 168 327 332
350 548 168 327 332
351 548 168 327 332
352 548 168 327 332
353 540 168 327 332
354 540 168 327 332
355 532 168 327 332
356 532 168 327 332
357 524 168 327 332
358 524 168 327 332
359 516 160 327 332
360 508 160 327 332
361 508 152 327 332
362 500 144 327 332
363 492 144 327 332
364 492 144 327 332
365 484 144 327 332
366 476 136 327 332
367 476 136 327 332
368 468 136 327 332
369 468 136 327 332
370 468 136 327 332
371 468 144 327 332
372 468 144 327 332
373 468 144 327 332
374 476 144 327 332
375 484 144 327 332
376 492 136 327 332
377 492 128 327 332
378 500 128 327 332
379 500 120 327 332
380 500 112 327 332
381 500 112 327 332
382 508 112 327 332
383 508 112 327 332
384 508 112 327 332
385 508 112 327 332
386 508 112 327 332
387 500 112 327 332
388 508 112 327 332
389 508 120 327 332
390 508 120 327 332
391 516 120 327 332
392 516 120 327 332
393 524 120 327 332
394 524 120 327 332
395 532 120 327 332
396 524 120 327 332
397 524 120 327 332
398 524 120 327 332
399 524 120 327 332
400 524 120 327 332
401 532 120 327 332
402 532 120 327 332
403 532 128 327 332
404 532 128 327 332
405 532 128 327 332
406 532 128 327 332
407 532 128 327 332
408 524 136 327 332
409 524 136 327 332
410 524 136 327 332
411 516 136 327 332
412 508 136 327 332
413 508 136 327 332
414 508 136 327 332
415 508 136 327 332
416 508 136 327 332
417 508 136 327 332
418 508 136 327 332
419 508 136 327 332
420 508 136 327 332
421 500 136 327 332
422 500 136 327 332
423 500 136 327 332
424 500 136 327 332
425 492 136 327 332
426 492 136 327 332
427 484 136 327 332
428 484 136 327 332
429 484 136 327 332
430 484 136 327 332
431 484 136 327 332
432 476 136 327 332
433 476 136 327 332
434 476 136 327 332
435 476 136 327 332
436 476 144 327 332
437 476 144 327 332
438 476 144 327 332
439 476 144 327 332
440 468 144 327 332
441 468 144 327 332
442 468 144 327 332
443 468 152 327 332
444 468 152 327 332
445 468 152 327 332
446 468 152 327 332
447 468 152 327 332
448 468 152 327 332
449 468 152 327 332
450 468 152 327 332
451 468 152 327 332
452 460 152 327 332
453 460 160 327 332
454 460 160 327 332
455 460 160 327 332
456 460 160 327 332
457 460 160 327 332
458 460 160 327 332
459 460 160 327 332
460 460 160 327 332
461 460 160 327 332
462 460 160 327 332
463 460 160 327 332
464 460 160 327 332
465 460 160 327 332
466 460 160 327 332
467 460 160 327 332
468 452 160 327 332
469 452 160 327 332
470 452 160 327 332
471 452 160 327 332
472 452 160 327 332
473 452 160 327 332
474 452 160 327 332
475 452 160 327 332
476 452 160 327 332
477 452 160 327 332
478 452 160 327 332
479 452 160 327 332
480 452 160 327 332
481 452 160 327 332
482 452 160 327 332
483 452 160 327 332
484 452 160 327 332
485 452 160 327 332
486 452 160 327 332
487 452 160 327 332
488 452 160 327 332
489 452 160 327 332
490 452 160 327 332
491 452 160 327 332
492 452 160 327 332
493 452 160 327 332
494 452 160 327 332
495 452 160 327 332
496 452 160 327 332
497 452 160 327 332
498 452 160 327 332
499 452 160 327 332
500 452 160 327 332
501 452 160 327 332
502 452 168 327 332
503 452 168 327 332
504 452 168 327 332
505 452 168 327 332
506 452 168 327 332
507 460 168 327 332
508 460 168 327 332
509 460 168 327 332
510 460 168 327 332
511 460 168 327 332
512 460 168 327 332
513 460 168 327 332
514 468 168 327 332
515 468 160 327 332
516 468 160 327 332
517 468 160 327 332
518 468 160 327 332
519 468 160 327 332
520 468 160 327 332
521 468 160 327 332
522 476 152 327 332
523 476 152 327 332
524 476 152 327 332
525 476 152 327 332
526 476 152 327 332
527 476 144 327 332
528 476 144 327 332
529 476 144 327 332
530 476 144 327 332
531 476 144 327 332
532 476 144 327 332
533 476 144 327 332
534 476 144 327 332
535 476 144 327 332
536 476 136 327 332
537 476 136 327 332
538 476 136 327 332
539 476 136 327 332
540 476 136 327 332
541 476 136 327 332
542 476 136 327 332
543 476 128 327 332
544 476 128 327 332
545 476 128 327 332
546 476 128 327 332
547 476 120 327 332
548 476 120 327 332
549 476 120 327 332
550 476 112 327 332
551 476 112 327 332
552 476 112 327 332
553 476 112 327 332
554 476 112 327 332
555 476 112 327 332
556 476 112 327 332
557 476 112 327 332
558 476 120 327 332
559 476 120 327 332
560 484 120 327 332
561 484 128 327 332
562 484 128 327 332
563 484 128 327 332
564 484 136 327 332
565 484 136 327 332
566 484 136 327 332
567 492 136 327 332
568 492 144 327 332
569 492 144 327 332
570 492 144 327 332
571 492 144 327 332
572 492 144 327 332
573 492 144 327 332
574 492 144 327 332
575 492 144 327 332
576 484 136 327 332
577 484 136 327 332
578 484 136 327 332
579 484 136 327 332
580 484 136 327 332
581 476 128 327 332
582 476 128 327 332
583 476 128 327 332
584 476 128 327 332
585 484 128 327 332
586 484 128 327 332
587 492 128 327 332
588 500 128 327 332
589 500 128 327 332
590 500 128 327 332
591 508 128 327 332
592 508 128 327 332
593 508 128 327 332
594 508 128 327 332
595 508 128 327 332
596 508 128 327 332
597 508 128 327 332
598 508 128 327 332
599 508 128 327 332
600 508 128 327 332
601 508 128 327 332
602 508 128 327 332
603 508 128 327 332
604 508 128 327 332
605 500 128 327 332
606 500 128 327 332
607 500 128 327 332
608 500 128 327 332
609 500 128 327 332
610 500 128 327 332
611 492 128 327 332
612 492 120 327 332
613 492 120 327 332
614 492 120 327 332
615 492 120 327 332
616 492 120 327 332
617 492 120 327 332
618 492 120 327 332
619 492 120 327 332
620 492 120 327 332
621 492 120 327 332
622 492 120 327 332
623 492 120 327 332
624 492 120 327 332
625 492 120 327 332
626 492 120 327 332
627 492 120 327 332
628 484 120 327 332
629 484 120 327 332
630 484 120 327 332
631 484 120 327 332
632 484 120 327 332
633 484 120 327 332
634 484 120 327 332
635 476 120 327 332
636 476 120 327 332
637 476 120 327 332
638 476 128 327 332
639 476 128 327 332
640 468 128 327 332
641 468 128 327 332
642 468 136 327 332
643 468 136 327 332
644 460 136 327 332
645 460 136 327 332
646 460 136 327 332
647 460 136 327 332
648 460 136 327 332
649 460 136 327 332
650 460 136 327 332
651 460 136 327 332
652 460 136 327 332
653 460 136 327 332
654 468 136 327 332
655 468 136 327 332
656 476 136 327 332
657 484 136 327 332
658 508 120 327 332
659 516 112 327 332
660 532 104 327 332
661 540 104 327 332
662 556 96 327 332
663 564 96 327 332
664 580 96 327 332
665 588 88 327 332
666 604 96 327 332
667 620 104 327 332
668 636 112 327 332
669 644 112 327 332
670 644 112 327 332
671 644 112 327 332
672 628 104 327 332
673 620 104 327 332
674 620 112 327 332
675 612 112 327 332
676 612 112 327 332
677 604 112 327 332
678 604 112 327 332
679 604 104 327 332
680 612 104 327 332
681 620 96 327 332
682 628 88 327 332
683 644 88 327 332
684 660 88 327 332
685 676 88 327 332
686 676 88 327 332
687 684 88 327 332
688 692 96 327 332
689 708 96 327 332
690 716 96 327 332
691 716 96 327 332
692 724 104 327 332
693 724 112 327 332
694 716 112 327 332
695 716 112 327 332
696 716 120 327 332
697 716 120 327 332
698 708 120 327 332
699 708 120 327 332
700 700 120 327 332
701 684 120 327 332
702 668 120 327 332
703 652 120 327 332
704 644 120 327 332
705 636 112 327 332
706 628 112 327 332
707 620 104 327 332
708 612 104 327 332
709 604 96 327 332
710 596 96 327 332
711 596 88 327 332
712 596 80 327 332
713 596 72 327 332
714 604 72 327 332
715 604 72 327 332
716 612 72 327 332
717 620 72 327 332
718 628 80 327 332
719 644 80 327 332
720 652 88 327 332
721 660 96 327 332
722 652 104 327 332
723 644 112 327 332
724 636 120 327 332
725 628 128 327 332
726 620 136 327 332
727 604 152 327 332
728 596 160 327 332
729 580 168 327 332
730 564 176 327 332
731 556 176 327 332
732 548 176 327 332
733 540 184 327 332
734 540 184 327 332
735 532 184 327 332
736 532 176 327 332
737 524 176 327 332
738 524 176 327 332
739 516 176 327 332
740 508 176 327 332
741 500 168 327 332
742 492 168 327 332
743 492 168 327 332
744 484 168 327 332
745 476 168 327 332
746 468 168 327 332
747 460 168 327 332
748 444 176 327 332
749 428 176 327 332
750 412 184 327 332
751 396 192 327 332
752 380 200 327 332
753 372 208 327 332
754 356 216 327 332
755 348 224 327 332
756 340 232 327 332
757 332 232 327 332
758 324 240 327 332
759 316 248 327 332
760 308 248 327 332
761 300 256 327 332
762 300 256 327 332
763 292 264 327 332
764 292 272 327 332
765 292 272 327 332
766 284 272 327 332
767 284 280 327 332
768 284 288 327 332
769 284 288 327 332
770 284 288 327 332
771 284 296 327 332
772 284 296 327 332
773 284 304 327 332
774 284 304 327 332
775 284 304 327 332
776 292 312 327 332
777 292 312 327 332
778 284 320 327 332
779 284 320 327 332
780 276 328 327 332
781 276 328 327 332
782 276 336 327 332
783 276 336 327 332
784 284 344 327 332
785 284 344 327 332
786 292 352 327 332
787 292 352 327 332
788 292 360 327 332
789 292 360 327 332
790 300 360 327 332
791 300 360 327 332
792 300 360 327 332
793 300 360 327 332
794 300 360 327 332
795 300 360 327 332
796 300 360 327 332
797 300 360 327 332
798 300 368 327 332
799 300 368 327 332
800 300 376 327 332
801 308 376 327 332
802 308 384 327 332
803 308 384 327 332
804 316 392 327 332
805 316 400 327 332
806 316 408 327 332
807 324 416 327 332
808 324 424 327 332
809 324 432 327 332
810 324 440 327 332
811 324 448 327 332
812 324 456 327 332
813 324 464 327 332
814 324 472 327 332
815 324 480 327 332
816 324 488 327 332
817 324 488 327 332
818 324 496 327 332
819 324 496 327 332
820 324 504 327 332
821 332 504 327 332
822 332 504 327 332
823 340 512 327 332
824 356 512 327 332
825 372 512 327 332
826 388 512 327 332
827 396 520 327 332
828 404 520 327 332
829 420 520 327 332
830 420 528 327 332
831 428 528 327 332
832 428 528 327 332
833 436 528 327 332
834 444 528 327 332
835 444 528 327 332
836 452 536 327 332
837 460 536 327 332
838 460 536 327 332
839 460 528 327 332
840 460 528 327 332
841 460 520 327 332
842 460 520 327 332
843 468 512 327 332
844 476 512 327 332
845 484 512 327 332
846 484 512 327 332
847 484 512 327 332
848 484 512 327 332
849 484 512 327 332
850 484 512 327 332
851 492 504 327 332
852 492 504 327 332
853 492 504 327 332
854 492 504 327 332
855 492 504 327 332
856 492 504 327 332
857 500 504 327 332
858 492 504 327 332
859 492 496 327 332
860 492 496 327 332
861 492 496 327 332
862 492 496 327 332
863 492 488 327 332
864 484 488 327 332
865 484 488 327 332
866 484 488 327 332
867 484 488 327 332
868 476 488 327 332
869 476 488 327 332
870 484 480 327 332
871 484 480 327 332
872 476 480 327 332
873 476 480 327 332
874 484 472 327 332
875 484 472 327 332
876 484 472 327 332
877 484 472 327 332
878 484 464 327 332
879 484 464 327 332
880 484 464 327 332
881 484 464 327 332
882 484 464 327 332
883 484 464 327 332
884 484 456 327 332
885 484 456 327 332
886 484 456 327 332
887 484 456 327 332
888 484 456 327 332
889 484 448 327 332
890 484 448 327 332
891 476 448 327 332
892 476 440 327 332
893 468 440 327 332
894 468 440 327 332
895 460 440 327 332
896 460 440 327 332
897 452 432 327 332
898 452 432 327 332
899 444 432 327 332
900 444 432 327 332
901 444 424 327 332
902 436 424 327 332
903 436 416 327 332
904 444 408 327 332
905 444 400 327 332
906 444 392 327 332
907 444 392 327 332
908 444 384 327 332
909 444 376 327 332
910 436 368 327 332
911 428 360 327 332
912 420 352 327 332
913 412 344 327 332
914 412 336 327 332
915 412 328 327 332
916 404 320 327 332
917 404 312 327 332
918 396 312 327 332
919 388 304 327 332
920 380 296 327 332
921 380 296 327 332
922 372 296 327 332
923 372 296 327 332
924 372 288 327 332
925 372 288 327 332
926 372 288 327 332
927 380 288 327 332
928 388 288 327 332
929 396 280 327 332
930 412 280 327 332
931 420 280 327 332
932 420 280 327 332
933 420 280 327 332
934 412 272 327 332
935 412 272 327 332
936 412 280 327 332
937 404 272 327 332
938 412 280 327 332
939 420 280 327 332
940 420 288 327 332
941 412 288 327 332
942 412 288 327 332
943 412 288 327 332
944 412 288 327 332
945 420 288 327 332
946 436 288 327 332
947 436 288 327 332
948 444 288 327 332
949 444 288 327 332
950 452 288 327 332
951 452 288 327 332
952 452 288 327 332
953 452 288 327 332
954 452 288 327 332
955 452 288 327 332
956 452 288 327 332
957 452 288 327 332
958 460 288 327 332
959 460 288 327 332
960 452 288 327 332
961 452 288 327 332
962 460 288 327 332
963 460 288 327 332
964 468 288 327 332
965 476 288 327 332
966 476 288 327 332
967 476 288 327 332
968 476 288 327 332
969 468 280 327 332
970 468 280 327 332
971 468 280 327 332
972 476 280 327 332
973 476 280 327 332
974 476 280 327 332
975 476 280 327 332
976 484 280 327 332
977 484 280 327 332
978 484 280 327 332
979 492 280 327 332
980 492 280 327 332
981 492 280 327 332
982 492 280 327 332
983 492 280 327 332
984 492 280 327 332
985 500 280 327 332
986 500 288 327 332
987 500 288 327 332
988 500 288 327 332
989 508 288 327 332
990 508 288 327 332
991 508 296 327 332
992 516 296 327 332
993 516 296 327 332
994 516 296 327 332
995 516 296 327 332
996 524 296 327 332
997 524 296 327 332
998 524 296 327 332
999 524 304 327 332
1000 524 304 327 332
1001 524 304 327 332
1002 524 304 327 332
1003 532 304 327 332
1004 532 304 327 332
1005 524 312 327 332
1006 524 312 327 332
1007 524 312 327 332
1008 524 312 327 332
1009 524 312 327 332
1010 516 312 327 332
1011 516 312 327 332
1012 516 312 327 332
1013 516 312 327 332
1014 524 312 327 332
1015 516 312 327 332
1016 508 312 327 332
1017 500 304 327 332
1018 500 304 327 332
1019 500 304 327 332
1020 500 304 327 332
1021 492 304 327 332
1022 500 304 327 332
1023 500 312 327 332
1024 492 312 327 332
1025 492 312 327 332
1026 484 312 327 332
1027 484 312 327 332
1028 484 320 327 332
1029 484 320 327 332
1030 476 320 327 332
1031 468 328 327 332
1032 452 328 327 332
1033 444 328 327 332
1034 428 328 327 332
1035 420 336 327 332
1036 420 336 327 332
1037 420 336 327 332
1038 420 336 327 332
1039 420 336 327 332
1040 420 336 327 332
1041 428 336 327 332
1042 428 336 327 332
1043 436 336 327 332
1044 444 336 327 332
1045 460 344 327 332
1046 484 344 327 332
1047 508 344 327 332
1048 524 344 327 332
1049 540 344 327 332
1050 556 352 327 332
1051 564 352 327 332
1052 572 352 327 332
1053 580 352 327 332
1054 580 352 327 332
1055 580 352 327 332
1056 580 352 327 332
1057 572 352 327 332
1058 564 352 327 332
1059 556 352 327 332
1060 548 344 327 332
1061 548 344 327 332
1062 556 344 327 332
1063 564 344 327 332
1064 572 344 327 332
1065 580 336 327 332
1066 588 336 327 332
1067 588 336 327 332
1068 596 344 327 332
1069 604 344 327 332
1070 604 352 327 332
1071 604 352 327 332
1072 604 360 327 332
1073 596 368 327 332
1074 604 376 327 332
1075 604 376 327 332
1076 612 384 327 332
1077 612 392 327 332
1078 612 400 327 332
1079 620 408 327 332
1080 620 408 327 332
1081 620 416 327 332
1082 620 424 327 332
1083 628 424 327 332
1084 628 432 327 332
1085 636 432 327 332
1086 636 440 327 332
1087 644 440 327 332
1088 644 448 327 332
1089 652 456 327 332
1090 660 464 327 332
1091 668 464 327 332
1092 676 472 327 332
1093 684 472 327 332
1094 684 480 327 332
1095 692 480 327 332
1096 692 480 327 332
1097 700 488 327 332
1098 708 480 327 332
1099 708 480 327 332
1100 708 480 327 332
1101 708 472 327 332
1102 700 472 327 332
1103 700 472 327 332
1104 692 472 327 332
1105 692 464 327 332
1106 700 456 327 332
1107 708 456 327 332
1108 716 448 327 332
1109 724 440 327 332
1110 724 432 327 332
1111 724 424 327 332
1112 724 424 327 332
1113 724 416 327 332
1114 724 416 327 332
1115 724 408 327 332
1116 732 408 327 332
1117 732 408 327 332
1118 732 400 327 332
1119 740 400 327 332
1120 740 400 327 332
1121 748 392 327 332
1122 748 384 327 332
1123 748 384 327 332
1124 756 376 327 332
1125 756 368 327 332
1126 764 360 327 332
1127 764 352 327 332
1128 772 344 327 332
1129 780 336 327 332
1130 788 320 327 332
1131 796 312 327 332
1132 796 304 327 332
1133 796 296 327 332
1134 796 288 327 332
1135 796 280 327 332
1136 796 272 327 332
1137 796 264 327 332
1138 796 256 327 332
1139 796 248 327 332
1140 796 240 327 332
1141 788 240 327 332
1142 788 232 327 332
1143 780 232 327 332
1144 772 224 327 332
1145 764 224 327 332
1146 764 216 327 332
1147 756 216 327 332
1148 740 216 327 332
1149 732 208 327 332
1150 724 208 327 332
1151 716 208 327 332
1152 708 200 327 332
1153 692 200 327 332
1154 684 200 327 332
1155 676 200 327 332
1156 660 192 327 332
1157 652 192 327 332
1158 636 192 327 332
1159 628 192 327 332
1160 620 192 327 332
1161 604 192 327 332
1162 596 192 327 332
1163 580 192 327 332
1164 572 200 327 332
1165 556 200 327 332
1166 548 200 327 332
1167 540 200 327 332
1168 524 208 327 332
1169 516 208 327 332
1170 500 208 327 332
1171 492 208 327 332
1172 484 208 327 332
1173 468 216 327 332
1174 460 216 327 332
1175 444 216 327 332
1176 436 216 327 332
1177 420 224 327 332
1178 412 224 327 332
1179 404 224 327 332
1180 388 232 327 332
1181 380 232 327 332
1182 372 232 327 332
1183 356 232 327 332
1184 348 232 327 332
1185 340 232 327 332
1186 332 240 327 332
1187 324 240 327 332
1188 316 240 327 332
1189 300 240 327 332
1190 292 240 327 332
1191 284 232 327 332
1192 276 232 327 332
1193 268 232 327 332
1194 268 232 327 332
1195 260 224 327 332
1196 252 224 327 332
1197 236 224 327 332
1198 228 224 327 332
1199 228 216 327 332
1200 220 216 327 332
1201 220 216 327 332
1202 212 216 327 332
1203 204 208 327 332
1204 196 208 327 332
1205 188 208 327 332
1206 188 208 327 332
1207 188 208 327 332
1208 180 208 327 332
1209 180 208 327 332
1210 172 216 327 332
1211 172 216 327 332
1212 164 232 327 332
1213 164 240 327 332
1214 156 248 327 332
1215 148 248 327 332
1216 148 256 327 332
1217 148 264 327 332
1218 148 264 327 332
1219 140 272 327 332
1220 140 272 327 332
1221 140 272 327 332
1222 132 280 327 332
1223 132 280 327 332
1224 132 288 327 332
1225 132 296 327 332
1226 132 304 327 332
1227 132 312 327 332
1228 140 320 327 332
1229 140 328 327 332
1230 140 336 327 332
1231 140 336 327 332
1232 148 344 327 332
1233 156 352 327 332
1234 156 360 327 332
1235 156 360 327 332
1236 164 368 327 332
1237 164 376 327 332
1238 164 376 327 332
1239 156 384 327 332
1240 148 384 327 332
1241 140 384 327 332
1242 140 392 327 332
1243 140 392 327 332
1244 140 392 327 332
1245 140 400 327 332
1246 148 400 327 332
1247 148 408 327 332
1248 148 408 327 332
1249 148 416 327 332
1250 156 424 327 332
1251 156 432 327 332
1252 164 440 327 332
1253 172 448 327 332
1254 172 456 327 332
1255 180 456 327 332
1256 180 464 327 332
1257 180 464 327 332
1258 180 472 327 332
1259 188 472 327 332
1260 188 472 327 332
1261 196 480 327 332
1262 204 480 327 332
1263 212 480 327 332
1264 220 480 327 332
1265 228 488 327 332
1266 236 488 327 332
1267 236 488 327 332
1268 244 488 327 332
1269 244 496 327 332
1270 252 496 327 332
1271 252 496 327 332
1272 252 496 327 332
1273 260 496 327 332
1274 260 496 327 332
1275 268 496 327 332
1276 276 504 327 332
1277 276 504 327 332
1278 284 504 327 332
1279 292 504 327 332
1280 292 504 327 332
1281 300 504 327 332
1282 300 504 327 332
1283 308 504 327 332
1284 308 504 327 332
1285 316 504 327 332
1286 324 504 327 332
1287 332 504 327 332
1288 340 504 327 332
1289 348 496 327 332
1290 348 496 327 332
1291 356 496 327 332
1292 356 496 327 332
1293 364 496 327 332
1294 372 488 327 332
1295 380 488 327 332
1296 380 488 327 332
1297 380 488 327 332
1298 388 488 327 332
1299 388 488 327 332
1300 396 488 327 332
1301 396 488 327 332
1302 396 480 327 332
1303 404 480 327 332
1304 404 480 327 332
1305 412 480 327 332
1306 412 480 327 332
1307 420 480 327 332
1308 420 480 327 332
1309 428 480 327 332
1310 436 480 327 332
1311 436 480 327 332
1312 436 480 327 332
1313 428 480 327 332
1314 428 480 327 332
1315 428 480 327 332
1316 428 480 327 332
1317 436 472 327 332
1318 444 472 327 332
1319 452 472 327 332
1320 452 472 327 332
1321 452 472 327 332
1322 452 472 327 332
1323 460 472 327 332
1324 460 472 327 332
1325 468 472 327 332
1326 468 472 327 332
1327 468 472 327 332
1328 468 472 327 332
1329 476 472 327 332
1330 476 472 327 332
1331 468 472 327 332
1332 468 472 327 332
1333 460 472 327 332
1334 460 472 327 332
1335 460 472 327 332
1336 452 472 327 332
1337 452 480 327 332
1338 452 480 327 332
1339 452 480 327 332
1340 452 480 327 332
1341 452 480 327 332
1342 460 480 327 332
1343 460 472 327 332
1344 460 472 327 332
1345 468 472 327 332
1346 468 472 327 332
1347 468 472 327 332
1348 476 472 327 332
1349 476 464 327 332
1350 476 464 327 332
1351 484 464 327 332
1352 484 464 327 332
1353 484 456 327 332
1354 484 448 327 332
1355 492 448 327 332
1356 492 448 327 332
1357 484 440 327 332
1358 484 440 327 332
1359 484 440 327 332
1360 484 432 327 332
1361 476 432 327 332
1362 476 432 327 332
1363 476 424 327 332
1364 476 424 327 332
1365 476 424 327 332
1366 476 424 327 332
1367 476 424 327 332
1368 468 424 327 332
1369 468 432 327 332
1370 468 432 327 332
1371 468 432 327 332
1372 468 432 327 332
1373 460 432 327 332
1374 460 440 327 332
1375 460 440 327 332
1376 460 448 327 332
1377 452 448 327 332
1378 452 456 327 332
1379 452 456 327 332
1380 452 464 327 332
1381 452 464 327 332
1382 452 472 327 332
1383 452 472 327 332
1384 444 472 327 332
1385 444 480 327 332
1386 444 480 327 332
1387 444 480 327 332
1388 444 488 327 332
1389 444 488 327 332
1390 444 488 327 332
1391 444 488 327 332
1392 444 496 327 332
1393 444 496 327 332
1394 444 504 327 332
1395 444 504 327 332
1396 436 504 327 332
1397 428 512 327 332
1398 428 512 327 332
1399 428 512 327 332
1400 428 520 327 332
1401 428 520 327 332
1402 428 520 327 332
1403 428 528 327 332
1404 420 528 327 332
1405 420 528 327 332
1406 420 536 327 332
1407 412 536 327 332
1408 412 536 327 332
1409 404 536 327 332
1410 404 544 327 332
1411 396 544 327 332
1412 388 544 327 332
1413 380 544 327 332
1414 372 544 327 332
1415 372 552 327 332
1416 372 552 327 332
1417 380 544 327 332
1418 380 544 327 332
1419 380 544 327 332
1420 380 544 327 332
1421 380 544 327 332
1422 372 536 327 332
1423 380 536 327 332
1424 372 536 327 332
1425 364 536 327 332
1426 364 528 327 332
1427 364 528 327 332
1428 364 528 327 332
1429 356 528 327 332
1430 356 528 327 332
1431 356 528 327 332
1432 356 528 327 332
1433 348 520 327 332
1434 348 520 327 332
1435 348 512 327 332
1436 340 512 327 332
1437 340 512 327 332
1438 340 512 327 332
1439 340 504 327 332
1440 340 504 327 332
1441 340 504 327 332
1442 340 496 327 332
1443 340 496 327 332
1444 340 496 327 332
1445 340 496 327 332
1446 340 496 327 332
1447 340 504 327 332
1448 340 504 327 332
1449 340 504 327 332
1450 340 512 327 332
1451 340 512 327 332
1452 340 512 327 332
1453 332 520 327 332
1454 332 520 327 332
1455 332 520 327 332
1456 332 528 327 332
1457 332 528 327 332
1458 332 536 327 332
1459 332 536 327 332
1460 332 536 327 332
1461 332 544 327 332
1462 332 544 327 332
1463 332 552 327 332
1464 332 552 327 332
1465 324 552 327 332
1466 324 560 327 332
1467 324 560 327 332
1468 332 568 327 332
1469 340 568 327 332
1470 356 576 327 332
1471 364 576 327 332
1472 372 584 327 332
1473 380 592 327 332
1474 380 592 327 332
1475 380 592 327 332
1476 380 600 327 332
1477 380 600 327 332
1478 388 608 327 332
1479 388 608 327 332
1480 388 608 327 332
1481 388 616 327 332
1482 388 616 327 332
1483 396 624 327 332
1484 396 624 327 332
1485 396 632 327 332
1486 396 632 327 332
1487 404 640 327 332
1488 412 640 327 332
1489 420 640 327 332
1490 420 640 327 332
1491 428 640 327 332
1492 428 640 327 332
1493 428 640 327 332
1494 428 632 327 332
1495 428 632 327 332
1496 428 632 327 332
1497 436 632 327 332
1498 436 632 327 332
1499 436 632 327 332
1500 436 632 327 332
1501 428 632 327 332
1502 428 632 327 332
1503 428 640 327 332
1504 428 640 327 332
1505 436 640 327 332
1506 444 640 327 332
1507 444 640 327 332
1508 452 648 327 332
1509 460 640 327 332
1510 460 648 327 332
1511 468 640 327 332
1512 468 640 327 332
1513 476 632 327 332
1514 476 632 327 332
1515 476 632 327 332
1516 468 632 327 332
1517 468 640 327 332
1518 460 640 327 332
1519 468 640 327 332
1520 460 640 327 332
1521 452 640 327 332
1522 452 640 327 332
1523 444 648 327 332
1524 436 648 327 332
1525 428 648 327 332
1526 420 640 327 332
1527 420 640 327 332
1528 420 640 327 332
1529 428 640 327 332
1530 436 640 327 332
1531 444 632 327 332
1532 452 632 327 332
1533 460 624 327 332
1534 468 624 327 332
1535 468 624 327 332
1536 476 616 327 332
1537 484 616 327 332
1538 492 608 327 332
1539 500 608 327 332
1540 508 600 327 332
1541 508 592 327 332
1542 508 592 327 332
1543 508 584 327 332
1544 508 584 327 332
1545 508 576 327 332
1546 508 576 327 332
1547 508 568 327 332
1548 508 568 327 332
1549 516 560 327 332
1550 516 560 327 332
1551 516 552 327 332
1552 516 552 327 332
1553 508 552 327 332
1554 508 544 327 332
1555 508 544 327 332
1556 508 544 327 332
1557 508 536 327 332
1558 508 536 327 332
1559 508 536 327 332
1560 508 536 327 332
1561 500 536 327 332
1562 500 536 327 332
1563 500 536 327 332
1564 492 536 327 332
1565 492 536 327 332
1566 492 536 327 332
1567 484 536 327 332
1568 484 536 327 332
1569 476 544 327 332
1570 476 544 327 332
1571 476 544 327 332
1572 476 544 327 332
