1 588 128 327 332
2 588 128 327 332
3 588 128 327 332
4 588 128 327 332
5 580 128 327 332
6 580 128 327 332
7 580 136 327 332
8 580 136 327 332
9 572 136 327 332
10 572 136 327 332
11 572 136 327 332
12 564 144 327 332
13 564 144 327 332
14 564 144 327 332
15 556 144 327 332
16 556 152 327 332
17 556 152 327 332
18 556 152 327 332
19 556 152 327 332
20 548 152 327 332
21 548 152 327 332
22 548 152 327 332
23 548 152 327 332
24 548 160 327 332
25 548 160 327 332
26 540 160 327 332
27 540 168 327 332
28 540 168 327 332
29 540 168 327 332
30 540 168 327 332
31 540 168 327 332
32 540 176 327 332
33 540 176 327 332
34 540 176 327 332
35 540 176 327 332
36 540 176 327 332
37 540 176 327 332
38 540 176 327 332
39 540 176 327 332
40 540 176 327 332
41 540 176 327 332
42 540 176 327 332
43 540 176 327 332
44 540 176 327 332
45 540 176 327 332
46 540 176 327 332
47 540 176 327 332
48 540 176 327 332
49 540 176 327 332
50 540 184 327 332
51 540 184 327 332
52 540 184 327 332
53 540 184 327 332
54 540 184 327 332
55 540 184 327 332
56 532 192 327 332
57 532 192 327 332
58 532 192 327 332
59 532 192 327 332
60 532 200 327 332
61 532 200 327 332
62 532 200 327 332
63 524 208 327 332
64 524 208 327 332
65 524 208 327 332
66 524 208 327 332
67 524 208 327 332
68 524 200 327 332
69 524 200 327 332
70 524 193 327 332
71 524 185 327 332
72 524 185 327 332
73 517 185 327 332
74 517 178 327 332
75 509 178 327 332
76 509 170 327 332
77 502 170 327 332
78 502 163 327 332
79 495 163 327 332
80 495 163 327 332
81 487 163 327 332
82 487 163 327 332
83 487 163 327 332
84 480 163 327 332
85 480 156 327 332
86 480 156 327 332
87 474 156 327 332
88 474 149 327 332
89 474 149 327 332
90 467 149 327 332
91 467 149 327 332
92 467 149 327 332
93 467 156 327 332
94 460 156 327 332
95 460 156 327 332
96 460 156 327 332
97 460 156 327 332
98 460 156 327 332
99 467 149 327 332
100 467 149 327 332
101 467 149 327 332
102 467 149 327 332
103 467 143 327 332
104 473 143 327 332
105 473 131 327 332
106 473 125 327 332
107 473 119 327 332
108 473 119 327 332
109 473 119 327 332
110 479 119 327 332
111 484 119 327 332
112 490 119 327 332
113 496 125 327 332
114 508 131 327 332
115 508 137 327 332
116 514 148 327 332
117 519 154 327 332
118 519 160 327 332
119 519 165 327 332
120 519 176 327 332
121 519 176 327 332
122 525 182 327 332
123 520 187 327 332
124 525 193 327 332
125 530 198 327 332
126 530 198 327 332
127 530 203 327 332
128 536 209 327 332
129 536 214 327 332
130 541 220 327 332
131 546 230 327 332
132 552 241 327 332
133 557 257 327 332
134 563 268 327 332
135 568 273 327 332
136 573 284 327 332
137 568 284 327 332
138 562 289 327 332
139 557 294 327 332
140 557 294 327 332
141 557 294 327 332
142 557 294 327 332
143 557 294 327 332
144 557 294 327 332
145 557 294 327 332
146 557 289 327 332
147 557 289 327 332
148 568 289 327 332
149 584 284 327 332
150 584 284 327 332
151 578 284 327 332
152 573 284 327 332
153 579 295 327 332
154 589 289 327 332
155 600 295 327 332
156 611 295 327 332
157 611 289 327 332
158 606 289 327 332
159 600 283 327 332
160 594 278 327 332
161 589 278 327 332
162 577 272 327 332
163 566 272 327 332
164 548 266 327 332
165 537 266 327 332
166 525 266 327 332
167 519 266 327 332
168 507 266 327 332
169 495 266 327 332
170 483 272 327 332
171 477 272 327 332
172 471 272 327 332
173 459 278 327 332
174 453 278 327 332
175 447 284 327 332
176 441 284 327 332
177 441 284 327 332
178 441 284 327 332
179 441 284 327 332
180 435 284 327 332
181 435 297 327 332
182 435 309 327 332
183 441 322 327 332
184 447 335 327 332
185 454 348 327 332
186 460 361 327 332
187 460 374 327 332
188 447 381 327 332
189 441 387 327 332
190 427 394 327 332
191 421 394 327 332
192 414 394 327 332
193 401 394 327 332
194 387 394 327 332
195 374 394 327 332
196 367 387 327 332
197 354 387 327 332
198 347 380 327 332
199 340 373 327 332
200 333 367 327 332
201 327 360 327 332
202 333 360 327 332
203 340 360 327 332
204 347 353 327 332
205 354 346 327 332
206 354 346 327 332
207 347 339 327 332
208 347 339 327 332
209 340 339 327 332
210 340 339 327 332
211 340 346 327 332
212 340 339 327 332
213 340 339 327 332
214 340 332 327 332
215 354 332 327 332
216 368 325 327 332
217 375 318 327 332
218 382 304 327 332
219 389 297 327 332
220 396 290 327 332
221 403 283 327 332
222 410 276 327 332
223 417 276 327 332
224 424 269 327 332
225 431 262 327 332
226 438 255 327 332
227 445 255 327 332
228 452 248 327 332
229 459 242 327 332
230 459 235 327 332
231 466 235 327 332
232 472 228 327 332
233 472 221 327 332
234 479 214 327 332
235 486 214 327 332
236 486 207 327 332
237 493 200 327 332
238 500 194 327 332
239 493 180 327 332
240 486 173 327 332
241 479 159 327 332
242 472 153 327 332
243 466 146 327 332
244 452 139 327 332
245 439 132 327 332
246 432 132 327 332
247 418 126 327 332
248 398 119 327 332
249 377 119 327 332
250 364 112 327 332
251 357 112 327 332
252 357 112 327 332
253 364 105 327 332
254 377 105 327 332
255 384 105 327 332
256 391 105 327 332
257 404 105 327 332
258 411 105 327 332
259 425 105 327 332
260 432 105 327 332
261 438 105 327 332
262 445 105 327 332
263 445 98 327 332
264 452 105 327 332
265 452 105 327 332
266 459 105 327 332
267 465 105 327 332
268 472 105 327 332
269 479 105 327 332
270 485 105 327 332
271 485 105 327 332
272 485 105 327 332
273 485 105 327 332
274 485 98 327 332
275 485 98 327 332
276 492 98 327 332
277 499 98 327 332
278 499 98 327 332
279 505 98 327 332
280 499 85 327 332
281 492 85 327 332
282 492 78 327 332
283 499 78 327 332
284 505 78 327 332
285 505 78 327 332
286 512 78 327 332
287 519 78 327 332
288 525 78 327 332
289 532 78 327 332
290 532 78 327 332
291 538 78 327 332
292 545 72 327 332
293 551 65 327 332
294 551 59 327 332
295 558 52 327 332
296 558 52 327 332
297 564 52 327 332
298 558 46 327 332
299 564 46 327 332
300 558 46 327 332
301 558 39 327 332
302 558 39 327 332
303 551 39 327 332
304 551 39 327 332
305 551 39 327 332
306 551 39 327 332
307 558 39 327 332
308 558 33 327 332
309 558 33 327 332
310 558 39 327 332
311 558 39 327 332
312 558 46 327 332
313 558 52 327 332
314 558 58 327 332
315 564 65 327 332
316 564 71 327 332
317 571 78 327 332
318 571 84 327 332
319 577 97 327 332
320 577 103 327 332
321 577 116 327 332
322 577 122 327 332
323 577 128 327 332
324 583 128 327 332
325 590 135 327 332
326 590 128 327 332
327 590 128 327 332
328 596 135 327 332
329 602 141 327 332
330 602 147 327 332
331 602 153 327 332
332 602 159 327 332
333 596 165 327 332
334 590 171 327 332
335 590 177 327 332
336 590 177 327 332
337 596 183 327 332
338 590 189 327 332
339 590 195 327 332
340 584 195 327 332
341 572 200 327 332
342 567 206 327 332
343 561 206 327 332
344 555 206 327 332
345 550 206 327 332
346 544 206 327 332
347 544 206 327 332
348 544 206 327 332
349 550 206 327 332
350 550 206 327 332
351 544 206 327 332
352 544 206 327 332
353 539 206 327 332
354 533 211 327 332
355 533 211 327 332
356 528 211 327 332
357 523 211 327 332
358 518 206 327 332
359 512 206 327 332
360 507 201 327 332
361 502 196 327 332
362 497 191 327 332
363 492 185 327 332
364 486 191 327 332
365 476 185 327 332
366 471 185 327 332
367 466 191 327 332
368 466 186 327 332
369 461 191 327 332
370 461 191 327 332
371 461 196 327 332
372 461 196 327 332
373 461 201 327 332
374 466 196 327 332
375 476 191 327 332
376 481 191 327 332
377 486 181 327 332
378 490 176 327 332
379 495 166 327 332
380 495 166 327 332
381 495 161 327 332
382 500 166 327 332
383 500 161 327 332
384 505 166 327 332
385 500 166 327 332
386 500 166 327 332
387 500 171 327 332
388 500 171 327 332
389 505 171 327 332
390 505 171 327 332
391 510 171 327 332
392 515 176 327 332
393 520 171 327 332
394 530 176 327 332
395 530 171 327 332
396 530 176 327 332
397 530 171 327 332
398 525 171 327 332
399 530 171 327 332
400 530 171 327 332
401 530 171 327 332
402 534 176 327 332
403 534 181 327 332
404 534 181 327 332
405 534 181 327 332
406 534 181 327 332
407 534 186 327 332
408 530 186 327 332
409 530 186 327 332
410 525 190 327 332
411 520 190 327 332
412 515 190 327 332
413 510 190 327 332
414 510 195 327 332
415 510 190 327 332
416 510 195 327 332
417 510 191 327 332
418 510 195 327 332
419 510 191 327 332
420 510 195 327 332
421 505 191 327 332
422 505 195 327 332
423 505 191 327 332
424 501 195 327 332
425 496 191 327 332
426 496 195 327 332
427 491 191 327 332
428 491 196 327 332
429 491 191 327 332
430 486 195 327 332
431 486 195 327 332
432 486 195 327 332
433 481 195 327 332
434 481 195 327 332
435 481 200 327 332
436 481 196 327 332
437 481 200 327 332
438 476 200 327 332
439 476 200 327 332
440 476 200 327 332
441 476 205 327 332
442 476 200 327 332
443 476 205 327 332
444 472 205 327 332
445 472 205 327 332
446 472 205 327 332
447 472 210 327 332
448 472 205 327 332
449 467 210 327 332
450 467 210 327 332
451 467 210 327 332
452 467 210 327 332
453 467 210 327 332
454 467 210 327 332
455 462 210 327 332
456 462 210 327 332
457 462 215 327 332
458 467 220 327 332
459 467 225 327 332
460 471 229 327 332
461 476 234 327 332
462 481 239 327 332
463 485 243 327 332
464 494 239 327 332
465 498 239 327 332
466 507 234 327 332
467 511 230 327 332
468 516 222 327 332
469 516 218 327 332
470 520 205 327 332
471 520 197 327 332
472 520 184 327 332
473 515 176 327 332
474 515 163 327 332
475 520 154 327 332
476 524 145 327 332
477 529 136 327 332
478 538 122 327 332
479 547 113 327 332
480 556 104 327 332
481 570 95 327 332
482 584 85 327 332
483 598 81 327 332
484 608 76 327 332
485 617 71 327 332
486 621 67 327 332
487 626 62 327 332
488 630 53 327 332
489 630 53 327 332
490 635 49 327 332
491 639 45 327 332
492 639 41 327 332
493 643 32 327 332
494 647 32 327 332
495 647 24 327 332
496 647 28 327 332
497 651 21 327 332
498 651 21 327 332
499 655 21 327 332
500 655 17 327 332
501 655 17 327 332
502 659 17 327 332
503 659 13 327 332
504 659 13 327 332
505 659 13 327 332
506 662 13 327 332
507 662 13 327 332
508 662 9 327 332
509 666 13 327 332
510 666 13 327 332
511 670 13 327 332
512 670 13 327 332
513 670 13 327 332
514 674 13 327 332
515 674 9 327 332
516 674 9 327 332
517 674 9 327 332
518 674 5 327 332
519 674 5 327 332
520 674 1 327 332
521 674 1 327 332
522 674 -3 327 332
523 674 -3 327 332
524 678 -7 327 332
525 678 -7 327 332
526 678 -7 327 332
527 678 -11 327 332
528 682 -11 327 332
529 682 -15 327 332
530 682 -15 327 332
531 682 -19 327 332
532 682 -15 327 332
533 682 -19 327 332
534 682 -19 327 332
535 678 -19 327 332
536 678 -19 327 332
537 678 -23 327 332
538 678 -19 327 332
539 678 -27 327 332
540 678 -23 327 332
541 678 -27 327 332
542 678 -27 327 332
543 678 -31 327 332
544 678 -31 327 332
545 678 -35 327 332
546 678 -35 327 332
547 678 -40 327 332
548 678 -44 327 332
549 678 -44 327 332
550 678 -48 327 332
551 678 -48 327 332
552 678 -52 327 332
553 678 -52 327 332
554 678 -52 327 332
555 678 -48 327 332
556 678 -52 327 332
557 682 -44 327 332
558 686 -44 327 332
559 686 -35 327 332
560 690 -40 327 332
561 690 -31 327 332
562 690 -35 327 332
563 695 -27 327 332
564 695 -27 327 332
565 699 -19 327 332
566 703 -19 327 332
567 707 -15 327 332
568 711 -15 327 332
569 715 -11 327 332
570 719 -7 327 332
571 723 -7 327 332
572 727 -3 327 332
573 731 -3 327 332
574 735 1 327 332
575 735 1 327 332
576 735 1 327 332
577 735 1 327 332
578 735 1 327 332
579 735 1 327 332
580 735 1 327 332
581 735 1 327 332
582 735 5 327 332
583 739 1 327 332
584 739 5 327 332
585 744 1 327 332
586 748 5 327 332
587 756 1 327 332
588 764 5 327 332
589 772 1 327 332
590 776 5 327 332
591 776 1 327 332
592 776 5 327 332
593 776 1 327 332
594 780 5 327 332
595 780 5 327 332
596 780 5 327 332
597 780 5 327 332
598 780 5 327 332
599 780 9 327 332
600 780 5 327 332
601 780 9 327 332
602 780 5 327 332
603 780 9 327 332
604 780 5 327 332
605 780 9 327 332
606 780 5 327 332
607 780 5 327 332
608 780 5 327 332
609 780 5 327 332
610 780 5 327 332
611 780 5 327 332
612 780 1 327 332
613 776 1 327 332
614 776 -2 327 332
615 776 1 327 332
616 776 -3 327 332
617 776 1 327 332
618 776 -3 327 332
619 776 1 327 332
620 780 1 327 332
621 780 1 327 332
622 780 1 327 332
623 780 1 327 332
624 780 1 327 332
625 780 1 327 332
626 780 1 327 332
627 780 -3 327 332
628 780 2 327 332
629 780 -3 327 332
630 776 -3 327 332
631 776 -3 327 332
632 776 -3 327 332
633 776 2 327 332
634 772 -3 327 332
635 772 1 327 332
636 768 1 327 332
637 768 1 327 332
638 768 6 327 332
639 764 6 327 332
640 764 10 327 332
641 760 10 327 332
642 755 14 327 332
643 755 14 327 332
644 751 14 327 332
645 751 14 327 332
646 747 18 327 332
647 743 18 327 332
648 743 18 327 332
649 739 22 327 332
650 735 22 327 332
651 735 26 327 332
652 731 22 327 332
653 727 26 327 332
654 727 26 327 332
655 723 26 327 332
656 719 30 327 332
657 719 30 327 332
658 715 34 327 332
659 711 34 327 332
660 707 42 327 332
661 703 42 327 332
662 703 50 327 332
663 699 46 327 332
664 691 58 327 332
665 683 54 327 332
666 675 70 327 332
667 662 62 327 332
668 654 74 327 332
669 646 78 327 332
670 630 83 327 332
671 609 87 327 332
672 587 91 327 332
673 561 100 327 332
674 527 104 327 332
675 498 108 327 332
676 469 112 327 332
677 445 116 327 332
678 420 120 327 332
679 395 129 327 332
680 374 133 327 332
681 353 141 327 332
682 332 146 327 332
683 310 154 327 332
684 289 163 327 332
685 267 172 327 332
686 236 181 327 332
687 200 194 327 332
688 163 203 327 332
689 126 217 327 332
690 88 236 327 332
691 45 250 327 332
692 6 275 327 332
693 -43 299 327 332
694 -98 319 327 332
695 -133 344 327 332
696 -176 368 327 332
697 -215 393 327 332
698 -104 509 327 332
699 -39 440 327 332
700 -64 505 327 332
701 -110 500 327 332
702 -120 490 327 332
703 -53 464 327 332
704 36 406 327 332
705 36 494 327 332
706 5 478 327 332
707 -25 504 327 332
708 -55 519 327 332
709 -95 529 327 332
710 -119 538 327 332
711 -115 489 327 332
712 -110 533 327 332
713 -11 469 327 332
714 -31 504 327 332
715 -61 499 327 332
716 -96 489 327 332
717 -121 499 327 332
718 -136 489 327 332
719 -49 473 327 332
720 -80 499 327 332
721 -116 519 327 332
722 -90 479 327 332
723 -90 479 327 332
724 -111 494 327 332
725 -111 479 327 332
726 -111 489 327 332
727 -74 468 327 332
728 -111 494 327 332
729 -132 505 327 332
730 -157 525 327 332
731 -106 479 327 332
732 -65 504 327 332
733 -90 504 327 332
734 -105 524 327 332
735 -85 479 327 332
736 -100 519 327 332
737 -110 494 327 332
738 -115 504 327 332
739 -130 509 327 332
740 -110 484 327 332
741 -120 514 327 332
742 -104 489 327 332
743 -104 499 327 332
744 -99 488 327 332
745 -99 494 327 332
746 -94 499 327 332
747 -105 504 327 332
748 -99 499 327 332
749 -99 520 327 332
750 -104 510 327 332
751 -125 494 327 332
752 -109 489 327 332
753 -109 510 327 332
754 -119 525 327 332
755 -104 474 327 332
756 -104 515 327 332
757 -114 510 327 332
758 -114 515 327 332
759 -110 510 327 332
760 -125 495 327 332
761 -125 505 327 332
762 -125 510 327 332
763 -120 510 327 332
764 -125 514 327 332
765 -125 514 327 332
766 -46 495 327 332
767 -46 500 327 332
768 -50 509 327 332
769 -55 505 327 332
770 -51 514 327 332
771 -60 514 327 332
772 -60 519 327 332
773 -55 519 327 332
774 -55 524 327 332
775 -60 524 327 332
776 -102 496 327 332
777 -106 505 327 332
778 -111 510 327 332
779 -111 510 327 332
780 -106 505 327 332
781 -106 505 327 332
782 -106 505 327 332
783 -106 510 327 332
784 -101 510 327 332
785 -101 515 327 332
786 -101 515 327 332
787 -106 515 327 332
788 -106 520 327 332
789 -106 520 327 332
790 -106 524 327 332
791 -106 520 327 332
792 -106 529 327 332
793 -106 520 327 332
794 -106 524 327 332
795 -110 524 327 332
796 -106 520 327 332
797 -106 524 327 332
798 -106 529 327 332
799 -106 534 327 332
800 -110 547 327 332
801 -110 561 327 332
802 -110 570 327 332
803 -106 579 327 332
804 -101 584 327 332
805 -92 588 327 332
806 -92 612 327 332
807 -92 622 327 332
808 -96 622 327 332
809 -96 622 327 332
810 -92 622 327 332
811 -86 627 327 332
812 -56 632 327 332
813 -40 632 327 332
814 -40 627 327 332
815 -46 632 327 332
816 -94 531 327 332
817 -109 499 327 332
818 -109 514 327 332
819 -115 514 327 332
820 -115 520 327 332
821 -115 515 327 332
822 -115 519 327 332
823 -115 519 327 332
824 -110 519 327 332
825 -105 524 327 332
826 -100 524 327 332
827 -100 519 327 332
828 -100 519 327 332
829 -100 519 327 332
830 -100 519 327 332
831 -100 519 327 332
832 -100 519 327 332
833 -100 514 327 332
834 -100 514 327 332
835 -100 509 327 332
836 -100 514 327 332
837 -94 508 327 332
838 -94 508 327 332
839 -94 503 327 332
840 -100 497 327 332
841 -100 491 327 332
842 -100 485 327 332
843 -100 485 327 332
844 -100 485 327 332
845 -100 485 327 332
846 -100 485 327 332
847 -106 485 327 332
848 -106 491 327 332
849 -112 485 327 332
850 -112 491 327 332
851 -112 485 327 332
852 -118 485 327 332
853 -118 485 327 332
854 -118 485 327 332
855 -118 485 327 332
856 -125 485 327 332
857 -125 485 327 332
858 -131 485 327 332
859 -131 485 327 332
860 -137 485 327 332
861 -143 479 327 332
862 -143 479 327 332
863 -149 479 327 332
864 -156 473 327 332
865 -162 473 327 332
866 -162 473 327 332
867 -168 473 327 332
868 -168 473 327 332
869 -168 473 327 332
870 -168 473 327 332
871 -168 473 327 332
872 -168 473 327 332
873 -168 473 327 332
874 -168 466 327 332
875 -168 466 327 332
876 -168 466 327 332
877 -168 466 327 332
878 -168 466 327 332
879 -176 466 327 332
880 -176 466 327 332
881 -176 459 327 332
882 -176 459 327 332
883 -183 459 327 332
884 -183 459 327 332
885 -183 459 327 332
886 -183 459 327 332
887 -183 459 327 332
888 -190 459 327 332
889 -197 459 327 332
890 -197 459 327 332
891 -205 459 327 332
892 -212 452 327 332
893 -219 452 327 332
894 -219 452 327 332
895 -226 452 327 332
896 -226 452 327 332
897 -234 452 327 332
898 -234 452 327 332
899 -241 444 327 332
900 -241 444 327 332
901 -241 437 327 332
902 -249 429 327 332
903 -249 422 327 332
904 -241 414 327 332
905 -241 399 327 332
906 -241 384 327 332
907 -241 369 327 332
908 -234 354 327 332
909 -234 346 327 332
910 -234 331 327 332
911 -234 316 327 332
912 -234 309 327 332
913 -234 295 327 332
914 -234 281 327 332
915 -234 273 327 332
916 -234 259 327 332
917 -234 245 327 332
918 -234 238 327 332
919 -234 223 327 332
920 -241 216 327 332
921 -234 210 327 332
922 -234 203 327 332
923 -234 196 327 332
924 -234 196 327 332
925 -234 189 327 332
926 -234 189 327 332
927 -234 182 327 332
928 -226 182 327 332
929 -226 174 327 332
930 -226 174 327 332
931 -226 167 327 332
932 -226 159 327 332
933 -226 152 327 332
934 -226 144 327 332
935 -234 136 327 332
936 -234 136 327 332
937 -234 128 327 332
938 -234 120 327 332
939 -226 111 327 332
940 -226 111 327 332
941 -226 103 327 332
942 -226 103 327 332
943 -235 94 327 332
944 -226 94 327 332
945 -226 85 327 332
946 -226 76 327 332
947 -235 76 327 332
948 -235 66 327 332
949 -245 66 327 332
950 -245 66 327 332
951 -254 66 327 332
952 -254 66 327 332
953 -254 66 327 332
954 -254 66 327 332
955 -254 66 327 332
956 -254 66 327 332
957 -254 66 327 332
958 -245 66 327 332
959 -245 66 327 332
960 -245 66 327 332
961 -245 66 327 332
962 -245 66 327 332
963 -245 66 327 332
964 -245 58 327 332
965 -245 48 327 332
966 -236 48 327 332
967 -236 48 327 332
968 -236 40 327 332
969 -236 40 327 332
970 -236 40 327 332
971 -236 31 327 332
972 -236 31 327 332
973 -236 31 327 332
974 -236 31 327 332
975 -236 31 327 332
976 -236 31 327 332
977 -236 31 327 332
978 -236 31 327 332
979 -236 31 327 332
980 -236 31 327 332
981 -236 31 327 332
982 -236 31 327 332
983 -236 31 327 332
984 -236 31 327 332
985 -236 31 327 332
986 -236 31 327 332
987 -236 31 327 332
988 -236 40 327 332
989 -236 40 327 332
990 -236 40 327 332
991 -236 40 327 332
992 -236 40 327 332
993 -236 40 327 332
994 -236 40 327 332
995 -236 40 327 332
996 -236 40 327 332
997 -236 40 327 332
998 -236 49 327 332
999 -236 49 327 332
1000 -236 49 327 332
1001 -236 58 327 332
1002 -236 58 327 332
1003 -236 58 327 332
1004 -236 67 327 332
1005 -236 67 327 332
1006 -236 76 327 332
1007 -236 76 327 332
1008 -236 76 327 332
1009 -245 76 327 332
1010 -245 76 327 332
1011 -245 76 327 332
1012 -245 76 327 332
1013 -245 76 327 332
1014 -245 76 327 332
1015 -245 76 327 332
1016 -245 76 327 332
1017 -255 67 327 332
1018 -255 67 327 332
1019 -255 67 327 332
1020 -255 67 327 332
1021 -255 67 327 332
1022 -255 67 327 332
1023 -255 76 327 332
1024 -255 76 327 332
1025 -255 85 327 332
1026 -255 85 327 332
1027 -255 95 327 332
1028 -255 95 327 332
1029 -255 95 327 332
1030 -255 104 327 332
1031 -255 104 327 332
1032 -255 104 327 332
1033 -255 104 327 332
1034 -255 104 327 332
1035 -245 104 327 332
1036 -245 104 327 332
1037 -245 104 327 332
1038 -255 104 327 332
1039 -255 104 327 332
1040 -255 104 327 332
1041 -255 104 327 332
1042 -255 104 327 332
1043 -255 104 327 332
1044 -255 104 327 332
1045 -255 104 327 332
1046 -255 104 327 332
1047 -255 104 327 332
1048 -255 104 327 332
1049 -255 104 327 332
1050 -255 114 327 332
1051 -255 114 327 332
1052 -255 114 327 332
1053 -255 114 327 332
1054 -255 114 327 332
1055 -255 114 327 332
1056 -255 114 327 332
1057 -255 125 327 332
1058 -255 125 327 332
1059 -265 136 327 332
1060 -265 136 327 332
1061 -265 136 327 332
1062 -265 136 327 332
1063 -265 146 327 332
1064 -265 146 327 332
1065 -265 146 327 332
1066 -265 157 327 332
1067 -265 157 327 332
1068 -265 157 327 332
1069 -265 168 327 332
1070 -265 179 327 332
1071 -265 179 327 332
1072 -265 190 327 332
1073 -265 202 327 332
1074 -265 202 327 332
1075 -277 213 327 332
1076 -277 225 327 332
1077 -277 237 327 332
1078 -277 249 327 332
1079 -277 261 327 332
1080 -277 261 327 332
1081 -277 273 327 332
1082 -277 285 327 332
1083 -277 297 327 332
1084 -277 297 327 332
1085 -277 297 327 332
1086 -277 309 327 332
1087 -277 321 327 332
1088 -277 321 327 332
1089 -277 333 327 332
1090 -277 333 327 332
1091 -277 345 327 332
1092 -277 345 327 332
1093 -277 345 327 332
1094 -277 345 327 332
1095 -277 345 327 332
1096 -277 345 327 332
1097 -277 345 327 332
1098 -277 345 327 332
1099 -277 345 327 332
1100 -277 345 327 332
1101 -290 345 327 332
1102 -290 345 327 332
1103 -290 345 327 332
1104 -290 345 327 332
1105 -290 345 327 332
1106 -290 345 327 332
1107 -290 332 327 332
1108 -290 332 327 332
1109 -290 319 327 332
1110 -290 319 327 332
1111 -290 307 327 332
1112 -290 307 327 332
1113 -290 307 327 332
1114 -290 307 327 332
1115 -290 307 327 332
1116 -290 307 327 332
1117 -290 307 327 332
1118 -290 295 327 332
1119 -290 295 327 332
1120 -277 295 327 332
1121 -277 295 327 332
1122 -277 295 327 332
1123 -277 295 327 332
1124 -277 295 327 332
1125 -277 282 327 332
1126 -277 282 327 332
1127 -277 270 327 332
1128 -277 270 327 332
1129 -277 270 327 332
1130 -277 257 327 332
1131 -277 257 327 332
1132 -277 245 327 332
1133 -277 245 327 332
1134 -277 232 327 332
1135 -277 232 327 332
1136 -277 220 327 332
1137 -277 220 327 332
1138 -277 220 327 332
1139 -277 220 327 332
1140 -277 220 327 332
1141 -290 220 327 332
1142 -290 220 327 332
1143 -290 233 327 332
1144 -290 233 327 332
1145 -290 246 327 332
1146 -290 246 327 332
1147 -290 259 327 332
1148 -290 259 327 332
1149 -290 259 327 332
1150 -290 259 327 332
1151 -290 259 327 332
1152 -290 272 327 332
1153 -290 272 327 332
1154 -290 272 327 332
1155 -290 272 327 332
1156 -290 272 327 332
1157 -290 272 327 332
1158 -290 272 327 332
1159 -290 272 327 332
1160 -290 272 327 332
1161 -290 272 327 332
1162 -290 272 327 332
1163 -290 272 327 332
1164 -290 272 327 332
1165 -290 284 327 332
1166 -290 284 327 332
1167 -290 284 327 332
1168 -290 297 327 332
1169 -290 297 327 332
1170 -290 297 327 332
1171 -290 297 327 332
1172 -290 297 327 332
1173 -290 297 327 332
1174 -290 297 327 332
1175 -290 297 327 332
1176 -290 297 327 332
1177 -290 284 327 332
1178 -290 272 327 332
1179 -290 260 327 332
1180 -290 260 327 332
1181 -290 260 327 332
1182 -290 260 327 332
1183 -290 260 327 332
1184 -290 260 327 332
1185 -290 260 327 332
1186 -290 260 327 332
1187 -290 260 327 332
1188 -290 260 327 332
1189 -290 260 327 332
1190 -290 260 327 332
1191 -290 260 327 332
1192 -290 260 327 332
1193 -290 260 327 332
1194 -290 260 327 332
1195 -290 272 327 332
1196 -290 272 327 332
1197 -290 272 327 332
1198 -290 285 327 332
1199 -290 285 327 332
1200 -290 285 327 332
1201 -290 285 327 332
1202 -290 285 327 332
1203 -290 285 327 332
1204 -290 285 327 332
1205 -290 285 327 332
1206 -290 285 327 332
1207 -290 285 327 332
1208 -290 285 327 332
1209 -290 285 327 332
1210 -290 285 327 332
1211 -290 285 327 332
1212 -290 298 327 332
1213 -290 298 327 332
1214 -290 298 327 332
1215 -290 311 327 332
1216 -290 311 327 332
1217 -303 324 327 332
1218 -303 324 327 332
1219 -303 324 327 332
1220 -303 324 327 332
1221 -303 324 327 332
1222 -303 324 327 332
1223 -303 324 327 332
1224 -303 338 327 332
1225 -303 338 327 332
1226 -303 351 327 332
1227 -303 351 327 332
1228 -303 364 327 332
1229 -303 364 327 332
1230 -303 378 327 332
1231 -303 378 327 332
1232 -303 378 327 332
1233 -303 378 327 332
1234 -303 392 327 332
1235 -303 392 327 332
1236 -303 392 327 332
1237 -303 392 327 332
1238 -303 406 327 332
1239 -303 420 327 332
1240 -303 420 327 332
1241 -303 420 327 332
1242 -303 420 327 332
1243 -303 420 327 332
1244 -303 420 327 332
1245 -303 420 327 332
1246 -303 420 327 332
1247 -303 420 327 332
1248 -303 420 327 332
1249 -303 434 327 332
1250 -303 448 327 332
1251 -303 463 327 332
1252 -303 463 327 332
1253 -303 478 327 332
1254 -303 478 327 332
1255 -303 478 327 332
1256 -303 493 327 332
1257 -303 493 327 332
1258 -303 493 327 332
1259 -303 493 327 332
1260 -303 493 327 332
1261 -303 508 327 332
1262 -303 508 327 332
1263 -303 508 327 332
1264 -303 508 327 332
1265 -303 508 327 332
1266 -303 508 327 332
1267 -303 508 327 332
1268 -303 525 327 332
1269 -303 525 327 332
1270 -303 525 327 332
1271 -303 525 327 332
1272 -303 525 327 332
1273 -303 525 327 332
1274 -303 525 327 332
1275 -303 525 327 332
1276 -303 525 327 332
1277 -303 525 327 332
1278 -303 525 327 332
1279 -303 525 327 332
1280 -303 525 327 332
1281 -303 525 327 332
1282 -303 525 327 332
1283 -303 525 327 332
1284 -303 525 327 332
1285 -303 525 327 332
1286 -303 525 327 332
1287 -320 525 327 332
1288 -320 525 327 332
1289 -303 525 327 332
1290 -320 525 327 332
1291 -320 525 327 332
1292 -320 525 327 332
1293 -320 525 327 332
1294 -320 525 327 332
1295 -320 525 327 332
1296 -320 525 327 332
1297 -320 541 327 332
1298 -320 541 327 332
1299 -320 541 327 332
1300 -320 541 327 332
1301 -320 541 327 332
1302 -320 541 327 332
1303 -320 541 327 332
1304 -320 541 327 332
1305 -320 541 327 332
1306 -320 541 327 332
1307 -320 541 327 332
1308 -320 541 327 332
1309 -320 541 327 332
1310 -320 541 327 332
1311 -320 541 327 332
1312 -320 541 327 332
1313 -320 541 327 332
1314 -320 541 327 332
1315 -320 541 327 332
1316 -320 541 327 332
1317 -320 541 327 332
1318 -320 541 327 332
1319 -320 541 327 332
1320 -320 541 327 332
1321 -320 541 327 332
1322 -320 541 327 332
1323 -320 541 327 332
1324 -320 541 327 332
1325 -320 541 327 332
1326 -320 541 327 332
1327 -320 541 327 332
1328 -320 541 327 332
1329 -320 541 327 332
1330 -320 541 327 332
1331 -320 541 327 332
1332 -320 541 327 332
1333 -320 541 327 332
1334 -320 541 327 332
1335 -320 541 327 332
1336 -320 541 327 332
1337 -320 541 327 332
1338 -320 541 327 332
1339 -320 541 327 332
1340 -320 541 327 332
1341 -320 541 327 332
1342 -320 541 327 332
1343 -320 541 327 332
1344 -320 541 327 332
1345 -320 541 327 332
1346 -320 541 327 332
1347 -320 541 327 332
1348 -320 541 327 332
1349 -320 541 327 332
1350 -320 541 327 332
1351 -320 541 327 332
1352 -320 541 327 332
1353 -320 541 327 332
1354 -320 541 327 332
1355 -320 541 327 332
1356 -320 541 327 332
1357 -320 541 327 332
1358 -320 541 327 332
1359 -320 524 327 332
1360 -320 524 327 332
1361 -320 524 327 332
1362 -320 524 327 332
1363 -320 524 327 332
1364 -320 524 327 332
1365 -320 524 327 332
1366 -320 524 327 332
1367 -320 524 327 332
1368 -320 524 327 332
1369 -320 524 327 332
1370 -320 524 327 332
1371 -320 524 327 332
1372 -320 524 327 332
1373 -320 524 327 332
1374 -320 524 327 332
1375 -337 524 327 332
1376 -337 524 327 332
1377 -337 524 327 332
1378 -337 524 327 332
1379 -337 524 327 332
1380 -337 524 327 332
1381 -337 524 327 332
1382 -337 524 327 332
1383 -337 524 327 332
1384 -337 524 327 332
1385 -337 524 327 332
1386 -337 524 327 332
1387 -337 524 327 332
1388 -337 524 327 332
1389 -337 524 327 332
1390 -337 541 327 332
1391 -337 541 327 332
1392 -337 541 327 332
1393 -337 541 327 332
1394 -337 541 327 332
1395 -337 541 327 332
1396 -337 541 327 332
1397 -353 541 327 332
1398 -353 541 327 332
1399 -353 541 327 332
1400 -353 541 327 332
1401 -353 541 327 332
1402 -353 541 327 332
1403 -353 558 327 332
1404 -353 558 327 332
1405 -353 558 327 332
1406 -353 558 327 332
1407 -353 558 327 332
1408 -353 558 327 332
1409 -353 558 327 332
1410 -353 558 327 332
1411 -353 558 327 332
1412 -353 558 327 332
1413 -353 558 327 332
1414 -353 558 327 332
1415 -353 558 327 332
1416 -353 558 327 332
1417 -353 558 327 332
1418 -353 558 327 332
1419 -353 558 327 332
1420 -353 558 327 332
1421 -353 558 327 332
1422 -353 558 327 332
1423 -353 558 327 332
1424 -353 558 327 332
1425 -353 558 327 332
1426 -353 558 327 332
1427 -353 558 327 332
1428 -353 558 327 332
1429 -353 558 327 332
1430 -353 558 327 332
1431 -353 558 327 332
1432 -353 558 327 332
1433 -353 558 327 332
1434 -353 558 327 332
1435 -353 558 327 332
1436 -353 558 327 332
1437 -353 558 327 332
1438 -353 558 327 332
1439 -353 541 327 332
1440 -353 541 327 332
1441 -353 541 327 332
1442 -353 541 327 332
1443 -353 541 327 332
1444 -353 541 327 332
1445 -353 523 327 332
1446 -353 523 327 332
1447 -353 523 327 332
1448 -353 523 327 332
1449 -353 523 327 332
1450 -353 523 327 332
1451 -353 523 327 332
1452 -353 523 327 332
1453 -353 523 327 332
1454 -353 523 327 332
1455 -353 541 327 332
1456 -353 541 327 332
1457 -353 541 327 332
1458 -353 541 327 332
1459 -353 541 327 332
1460 -353 541 327 332
1461 -353 541 327 332
1462 -353 541 327 332
1463 -353 541 327 332
1464 -353 541 327 332
1465 -353 541 327 332
1466 -353 541 327 332
1467 -353 541 327 332
1468 -353 541 327 332
1469 -353 541 327 332
1470 -353 541 327 332
1471 -353 541 327 332
1472 -353 541 327 332
1473 -353 541 327 332
1474 -353 541 327 332
1475 -353 541 327 332
1476 -353 541 327 332
1477 -353 541 327 332
1478 -353 541 327 332
1479 -353 541 327 332
1480 -353 541 327 332
1481 -353 541 327 332
1482 -353 559 327 332
1483 -353 559 327 332
1484 -353 559 327 332
1485 -353 577 327 332
1486 -353 577 327 332
1487 -353 577 327 332
1488 -353 577 327 332
1489 -353 577 327 332
1490 -336 577 327 332
1491 -354 577 327 332
1492 -354 577 327 332
1493 -354 577 327 332
1494 -354 577 327 332
1495 -354 577 327 332
1496 -354 577 327 332
1497 -354 577 327 332
1498 -354 577 327 332
1499 -354 577 327 332
1500 -354 577 327 332
1501 -354 577 327 332
1502 -354 577 327 332
1503 -354 577 327 332
1504 -354 577 327 332
1505 -354 577 327 332
1506 -354 577 327 332
1507 -354 577 327 332
1508 -354 577 327 332
1509 -354 577 327 332
1510 -354 577 327 332
1511 -354 577 327 332
1512 -354 577 327 332
1513 -354 577 327 332
1514 -354 577 327 332
1515 -354 577 327 332
1516 -354 577 327 332
1517 -354 577 327 332
1518 -354 577 327 332
1519 -354 577 327 332
1520 -354 577 327 332
1521 -354 577 327 332
1522 -354 577 327 332
1523 -354 577 327 332
1524 -354 577 327 332
1525 -354 577 327 332
1526 -354 577 327 332
1527 -354 577 327 332
1528 -354 577 327 332
1529 -354 577 327 332
1530 -354 577 327 332
1531 -354 577 327 332
1532 -354 577 327 332
1533 -354 577 327 332
1534 -354 577 327 332
1535 -354 577 327 332
1536 -354 577 327 332
1537 -354 577 327 332
1538 -354 577 327 332
1539 -354 577 327 332
1540 -354 577 327 332
1541 -354 577 327 332
1542 -354 577 327 332
1543 -354 577 327 332
1544 -354 577 327 332
1545 -354 577 327 332
1546 -354 577 327 332
1547 -354 577 327 332
1548 -354 577 327 332
1549 -354 577 327 332
1550 -354 577 327 332
1551 -354 577 327 332
1552 -354 577 327 332
1553 -354 577 327 332
1554 -354 577 327 332
1555 -354 577 327 332
1556 -354 577 327 332
1557 -354 577 327 332
1558 -354 577 327 332
1559 -354 577 327 332
1560 -354 577 327 332
1561 -354 577 327 332
1562 -354 577 327 332
1563 -354 577 327 332
1564 -354 577 327 332
1565 -354 577 327 332
1566 -354 577 327 332
1567 -354 577 327 332
1568 -354 577 327 332
1569 -354 577 327 332
1570 -354 577 327 332
1571 -354 577 327 332
1572 -354 577 327 332
